ntrials=           50
na=            9
nm=          101
#as
5 6 7 8 9 10 15 20 25
#masses
0 0.01 0.02 0.03 0.04 0.05 0.06 0.07 0.08 0.09 0.1 0.11 0.12 0.13 0.14 0.15 0.16 0.17 0.18 0.19 0.2 0.21 0.22 0.23 0.24 0.25 0.26 0.27 0.28 0.29 0.3 0.31 0.32 0.33 0.34 0.35 0.36 0.37 0.38 0.39 0.4 0.41 0.42 0.43 0.44 0.45 0.46 0.47 0.48 0.49 0.5 0.51 0.52 0.53 0.54 0.55 0.56 0.57 0.58 0.59 0.6 0.61 0.62 0.63 0.64 0.65 0.66 0.67 0.68 0.69 0.7 0.71 0.72 0.73 0.74 0.75 0.76 0.77 0.78 0.79 0.8 0.81 0.82 0.83 0.84 0.85 0.86 0.87 0.88 0.89 0.9 0.91 0.92 0.93 0.94 0.95 0.96 0.97 0.98 0.99 1
#sigcube
145.783 3.26419 3.36828 3.34505 3.23428 3.45221 3.37822 3.40881 3.29128 3.92902 3.12101 3.66735 3.60382 3.93282 4.32286 4.30202 4.70373 4.82682 5.25017 5.51632 5.98287 7.01552 7.47173 7.7677 9.10981 10.0575 11.3898 12.6328 14.0512 14.9264 17.9476 18.1532 18.6161 18.5153 19.0933 20.0419 20.374 20.3458 21.032 21.5565 23.3624 22.8641 26.5108 28.1404 29.5932 32.2323 35.9673 38.2574 41.1578 43.7385 46.7777 48.4071 46.9458 46.4351 47.6323 47.4784 47.6324 47.6369 48.963 52.1851 50.7487 54.0987 56.2001 60.0383 63.2893 66.6802 70.4927 78.8064 86.217 85.5658 88.5766 84.9431 87.2307 88.229 84.4745 87.4282 85.6684 86.1104 85.837 86.1655 92.3258 94.2763 96.7528 101.184 106.751 116.448 127.529 131.086 140.35 138.835 140.182 138.963 139.433 132.935 132.158 128.689 132.148 135.093 136.438 140.811 147.611
224.689 3.1708 3.22745 3.5252 3.64845 3.29158 3.31494 3.41619 3.47902 3.77146 3.71457 3.88243 3.80625 4.60331 5.26141 5.72907 6.5179 7.10912 8.48438 9.52913 9.6591 10.9958 12.475 12.4244 14.265 14.1414 14.78 16.6731 18.2998 18.7818 19.5092 21.5497 22.3333 24.1389 27.1034 27.4965 30.742 30.74 34.1199 36.8841 37.9269 39.5668 41.0804 42.3798 43.3335 45.6339 47.2696 49.5405 49.698 51.7811 53.2037 55.9412 58.1757 61.6479 63.5326 68.716 73.6113 74.6507 78.7843 81.0155 83.8992 83.5272 88.4416 89.334 90.5817 93.1236 95.831 96.5971 99.6473 99.9823 103.336 104.86 110.898 114.037 120.278 125.396 133.503 137.695 138.463 143.027 148.777 149.399 151.466 153.457 156.557 158.074 158.707 160.499 165.869 166.983 170.916 175.988 181.361 186.175 194.435 204.281 211.879 216.831 222.876 226.696 225.429
269.179 3.38033 3.31041 3.20681 3.14382 3.25668 3.51422 3.54149 3.47235 3.66125 3.96446 4.09011 4.91008 5.06831 5.83007 6.2106 7.54915 8.93081 9.79757 10.4527 11.5514 12.6703 14.4347 15.167 16.7745 18.2827 20.2101 22.2706 22.3737 26.0926 25.787 28.574 28.9048 32.0798 33.9283 35.6437 37.6755 38.8379 40.6435 42.7269 44.4639 48.7539 50.2636 50.852 55.2173 57.5658 61.584 64.0931 64.8902 68.3337 71.6092 72.9522 77.0934 78.9006 82.6233 85.5173 86.175 90.7663 91.9121 95.4163 97.5001 102.759 107.462 113.055 117.716 123.657 128.126 129.626 132.336 135.479 140.347 144.974 142.614 149.166 148.456 152.817 157.883 156.992 161.012 168.461 175.542 181.632 190.392 194.035 198.306 205.141 213.098 215.3 219.154 221.713 226.719 229.086 236.019 240.505 241.051 246.944 249.02 252.925 255.868 261.432 270.615
327.691 3.34592 3.22445 3.36266 3.27037 3.59132 3.58674 3.33888 3.35869 3.71221 3.90032 4.60552 5.44162 6.30529 6.99797 7.78718 9.22078 10.1908 11.3868 13.0245 14.1921 14.8436 15.7406 18.0927 19.6113 21.2931 23.1883 24.9226 26.5976 27.7677 30.2339 32.3958 34.3527 37.6379 38.6049 40.9083 44.8316 47.8856 50.8217 53.1516 54.7891 57.8332 60.148 62.8762 65.8915 68.1379 69.9221 72.6496 77.5443 80.0156 82.2735 86.3097 92.72 94.4302 98.5741 101.628 104.582 111.353 115.388 117.571 122.108 125.553 129.163 132.441 133.667 137.809 142.34 142.573 147.334 153.668 160.707 167.333 173.429 176.284 181.292 187.295 192.675 198.219 198.791 204.052 206.713 212.774 214.642 221.929 226.631 227.471 231.736 233.529 243.715 252.897 261.6 270.562 275.517 287.68 296.87 298.768 304.899 313.428 315.034 321.518 326.518
366.704 3.46751 3.49047 3.25531 3.04457 3.34948 3.18971 3.22982 3.65735 3.75961 4.91153 5.04249 6.09399 6.89616 8.2498 8.82469 10.5582 11.4813 12.7537 13.9461 16.2476 16.8572 19.0109 19.6379 21.9241 23.9628 26.6129 27.8915 30.753 31.3363 34.7671 38.294 39.0039 42.1513 43.7128 47.7035 49.835 52.1901 57.3565 59.4919 61.4551 63.9223 66.3105 69.9701 73.8673 75.5913 79.8439 82.0662 86.7798 91.2217 94.8697 99.9704 105.624 108.511 113.715 116.152 120.034 121.899 128.218 131.588 136.276 138.667 141.663 149.895 153.89 155.964 163.647 167.167 174.843 178.646 185.873 191.863 199.089 202.251 209.709 215.803 219.665 225.376 228.722 233.007 237.659 242.372 248.734 251.905 256.991 265.39 269.055 282.048 288.098 294.415 302.475 312.481 316.714 325.506 332.105 339.53 344.327 353.622 356.786 363.407 371.806
415.379 3.15852 3.11424 3.29367 3.13816 3.26389 3.26469 3.85038 4.23346 4.3547 5.43624 6.07927 6.78666 7.42725 9.2542 10.0385 11.8714 13.1453 15.4765 16.5215 17.9461 19.7494 21.1185 23.1126 24.8143 27.7129 29.3732 31.1455 32.9996 36.3576 38.9266 40.9669 44.8796 47.2774 49.6933 52.8706 57.2162 61.22 62.5408 64.2974 68.9282 73.5206 76.7444 78.6651 84.0057 86.9302 90.8946 94.9845 98.4062 101.436 104.391 108.055 113.657 119.031 123.169 125.49 131.217 138.004 142.41 148.183 154.598 158.108 163.954 169.604 171.771 176.685 181.458 187.951 191.233 198.158 199.402 205.58 212.873 218.816 227.929 233.538 240.416 250.085 256.051 262.284 273.26 277.377 283.272 288.915 297.561 303.956 303.592 312.365 317.825 323.2 329.631 335.411 347.981 355.803 361.946 373.995 382.87 389.737 400.84 407.183 413.786
545.618 3.21271 3.48919 3.40575 3.19521 3.05178 3.38363 3.59136 4.22594 4.81496 5.9312 7.21941 8.71443 9.7287 11.5468 13.3551 15.8106 16.921 19.2824 20.6566 23.3748 26.5769 28.514 31.108 34.0634 36.9284 39.3789 43.44 46.4129 49.4824 52.8965 57.5775 60.8618 63.8266 67.3255 70.6475 75.5454 78.8023 83.3999 87.4568 92.7643 98.0629 103.234 108.326 112.904 118.257 122.472 128.409 132.852 139.494 145.048 150.667 156.545 161.71 168.698 173.026 179.641 184.966 193.403 197.239 205.183 212.889 221.284 227.542 233.844 243.467 249.567 257.897 261.988 270.823 278.628 286.744 294.486 303.617 308.974 316.513 320.954 329.164 341.33 347.316 358.491 367.553 377.187 385.162 396.813 407.43 414.904 426.028 434.577 439.986 451.951 461.706 469.522 476.584 485.491 495.978 502.35 515.743 523.108 533.477 544.063
633.646 3.17091 3.116 3.45028 2.91424 3.2446 3.31941 3.95691 4.55784 5.79945 7.0229 8.55866 10.5013 11.9794 13.351 15.9244 18.0278 20.612 22.6109 24.9224 27.7607 30.6162 33.878 36.6836 40.0972 43.4048 45.5898 50.5131 54.3107 57.584 62.0482 65.8413 71.3415 74.7068 79.7141 84.2031 88.208 93.687 98.6324 103.354 108.129 113.648 119.477 125.154 131.439 137.557 144.142 149.718 155.593 164.041 168.29 176.315 182.207 187.599 194.731 202.831 211.488 216.373 223.638 232.171 239.712 248.883 255.358 262.109 271.274 278.74 290.151 297.519 302.446 313.107 321.211 330.94 338.054 349.452 353.671 365.297 378.51 385.657 394.091 402.931 417.223 426.879 435.046 448.322 455.751 467.495 475.26 487.057 498.879 505.936 519.387 525.876 540.539 546.823 559.513 574.306 585.249 593.889 608.277 620.944 630.448
693.312 3.32918 3.43588 3.23531 3.3208 3.41737 3.67894 4.12219 4.85541 6.09202 7.98572 9.32789 11.3591 13.003 14.9968 17.7636 19.998 21.8002 24.8281 28.0177 30.9239 33.2926 37.1947 40.5985 43.5184 48.1731 51.1783 55.6632 60.0333 64.1045 68.3986 71.3321 76.814 82.8446 87.0474 92.9999 97.6471 103.806 108.552 113.528 119.964 125.944 132.651 138.038 145.386 151.42 157.155 163.157 171.782 178.532 185.816 192.17 200.945 208.228 215.941 224.078 230.604 240.082 245.978 256.086 264.397 270.55 281.456 289.083 297.42 306.608 317.751 323.677 335.63 342.775 354.726 366.566 374.085 386.965 394.693 405.468 418.923 426.017 437.077 449.363 460.555 472.335 481.683 491.745 504.063 516.003 528.376 537.594 548.505 562.449 571.706 583.408 594.634 604.93 617.288 629.456 638.567 656.28 666.28 680.638 691.695
#perrcube
0.0319678 7.55947 7.64673 7.08783 7.54493 7.07809 7.53525 7.06836 7.06349 7.0586 7.05375 7.04888 7.04401 7.03914 0.0176941 0.0124606 0.0072266 0.00200153 0.00324299 0.00846916 0.0137053 0.018942 0.0241793 0.0294077 0.034646 0.0398661 0.045115 0.0493295 0.0441036 0.0388677 0.0336597 0.0284322 0.0231947 0.0179661 0.0127559 0.00751669 0.0023054 0.00292539 0.00814724 0.0133696 0.0186021 0.0238161 0.0290401 0.0342647 0.0394804 0.0447156 0.0497385 0.0445263 0.0393042 0.0340911 0.0288774 0.0236631 0.0184483 0.0132329 0.00801704 0.00280062 0.0024069 0.00762442 0.0128329 0.0180516 0.0232612 0.0284715 0.0336822 0.038903 0.0441054 0.0503334 0.0451352 0.0399175 0.0347276 0.0295182 0.0243083 0.0191169 0.0139059 0.00869433 0.00349179 0.00170184 0.00691501 0.0121097 0.0173145 0.0225103 0.0277161 0.032913 0.0381199 0.0433179 0.051132 0.0459382 0.0407438 0.0355393 0.0303534 0.0251478 0.0199703 0.0147637 0.0095756 0.00438693 0.000802273 0.00599202 0.0112013 0.0163922 0.0215835 0.0267754 0.0319678
0.0194504 29.3267 29.323 29.3193 29.3156 29.3119 29.3082 29.656 29.3008 29.2971 29.2934 29.2897 29.286 0.0746887 0.0694437 0.0642197 0.0589807 0.0537557 0.0485158 0.0432896 0.0380629 0.0328356 0.0275934 0.022365 0.0171361 0.0119139 0.00666951 0.00144615 0.00378495 0.00900935 0.0142272 0.0194671 0.0247004 0.029927 0.0351469 0.0591875 0.0539717 0.048741 0.0435312 0.0383065 0.0330741 0.0278555 0.0226436 0.0174167 0.0122037 0.0069758 0.00176168 0.00346018 0.00867536 0.0138911 0.0191145 0.0243241 0.0295487 0.0347594 0.0399851 0.0543695 0.0491625 0.0439476 0.0387394 0.0335307 0.0283214 0.0231116 0.0179012 0.0126902 0.00747877 0.00226676 0.00293856 0.00814444 0.0133436 0.0185578 0.0237653 0.0289661 0.0341748 0.0393912 0.0549716 0.049781 0.0445682 0.0393693 0.0341699 0.0289771 0.0237694 0.0185755 0.013374 0.00817909 0.00296915 0.00221241 0.00742338 0.0126205 0.0178109 0.0230162 0.0281932 0.0334069 0.0385995 0.0557879 0.0505923 0.0454033 0.0402065 0.0350165 0.0298332 0.024642 0.0194504
0.0510903 43.9165 43.9136 43.9106 44.1866 43.9047 43.9018 43.8989 43.8959 43.893 43.89 0.0817576 0.0125067 0.00727374 0.00204027 0.00320523 0.00843972 0.0136749 0.0189104 0.0241352 0.0293719 0.0346093 0.0398471 0.0543805 0.0491468 0.0439354 0.0386892 0.0334767 0.0282408 0.0230157 0.0177902 0.012564 0.00733742 0.00211015 0.0031061 0.00834585 0.0135518 0.0187927 0.0240111 0.0292417 0.0344613 0.0597919 0.0545764 0.0493491 0.044144 0.0389154 0.0336977 0.0284795 0.0232607 0.0180529 0.0128331 0.00762417 0.00239177 0.00281825 0.00802882 0.0132399 0.018463 0.0236752 0.0288879 0.0341013 0.0601581 0.054949 0.0497394 0.0445291 0.0393297 0.0341183 0.0289065 0.0237055 0.0185039 0.0133019 0.00808779 0.0028961 0.00231907 0.00752331 0.0127395 0.0179334 0.0231393 0.0283342 0.0335527 0.0387487 0.0555267 0.0503348 0.0451194 0.0399264 0.0347328 0.0295387 0.0243327 0.0191489 0.0139532 0.00874555 0.00356023 0.00163712 0.00683498 0.0120219 0.0172094 0.0223974 0.0276089 0.032798 0.037999 0.0562758 0.0510904
0.00386329 54.3246 54.094 54.0915 54.0891 54.0867 54.0843 54.0819 54.0795 36.1359 0.563193 0.0626563 0.0574222 0.0521876 0.0469435 0.0417169 0.0364807 0.0312439 0.0260161 0.0207782 0.0155491 0.0103101 0.00507998 0.000150704 0.00538196 0.0106044 0.0158461 0.0210697 0.0263031 0.0315371 0.0626091 0.0573793 0.0521489 0.046918 0.0417052 0.0364825 0.0312592 0.0260354 0.0208204 0.0155956 0.0103608 0.0051535 6.36104e-05 0.00529072 0.010509 0.0157371 0.0209565 0.0261763 0.0313968 0.0366179 0.057537 0.0523296 0.0471028 0.0418942 0.036685 0.0314659 0.0262557 0.021045 0.0158338 0.0106219 0.00540949 0.000205883 0.00500758 0.0102216 0.0154362 0.0206419 0.0258481 0.0310644 0.0630912 0.0578791 0.0526759 0.0474815 0.0422771 0.0370722 0.0318668 0.0266702 0.0214637 0.016266 0.0110584 0.00586896 0.000660283 0.00453958 0.00973992 0.0149409 0.0201423 0.025335 0.030547 0.0357407 0.0584382 0.0532392 0.0480584 0.0428584 0.0376672 0.0324847 0.0272924 0.0220996 0.0168967 0.0117122 0.00651791 0.00133227 0.00386332
0.0155433 61.5303 61.7577 61.5263 61.5243 61.5223 61.5203 61.5182 61.5162 0.0618966 0.0566649 0.0514247 0.0461919 0.0409583 0.0357165 0.0304819 0.0252546 0.0200189 0.0147829 0.00955391 0.00431655 0.000921265 0.00614403 0.0113831 0.0166225 0.0218312 0.0270875 0.0323051 0.0617132 0.056484 0.0512779 0.0460398 0.0408168 0.0355854 0.0303692 0.0251446 0.0199272 0.0147015 0.00948308 0.00425629 0.000971108 0.00619121 0.0114118 0.0166329 0.0218546 0.0270847 0.0322998 0.0617302 0.0565194 0.0513002 0.0460883 0.0408837 0.035655 0.0304414 0.0252351 0.0200204 0.0148131 0.00959731 0.004389 0.000827832 0.00603734 0.0112474 0.0164659 0.0216692 0.0268809 0.032101 0.0619481 0.05674 0.0515471 0.0463378 0.0411359 0.0359334 0.0307304 0.0255269 0.0203229 0.0151183 0.00991309 0.00471523 0.000491009 0.00568996 0.0108973 0.0160894 0.0212978 0.0264832 0.0316926 0.0623505 0.057153 0.0519628 0.0467642 0.0415728 0.0363811 0.0311887 0.0260036 0.0208023 0.0156162 0.0104295 0.00522651 3.87527e-05 0.00516507 0.0103539 0.0155433
0.0147549 67.154 67.1523 67.1506 67.1489 67.1471 67.1454 67.1437 63.3347 0.00646278 0.0116956 0.0169424 0.0221696 0.0274177 0.0326595 0.0378952 0.0560055 0.0507739 0.0455487 0.040316 0.0350828 0.029849 0.0246148 0.0193799 0.0141578 0.00892854 0.00368542 0.00153158 0.00675577 0.0119939 0.0172126 0.0224451 0.0276851 0.0662118 0.0609964 0.0557736 0.0505569 0.0453263 0.040122 0.0348902 0.0296646 0.0244452 0.019232 0.0140048 0.0087904 0.00356211 0.00165336 0.00686936 0.0120926 0.017303 0.0225272 0.0277454 0.0661605 0.0609532 0.0557455 0.050537 0.0453213 0.0401184 0.0349084 0.0296911 0.0244866 0.0192682 0.0140626 0.00885652 0.00363644 0.00157081 0.00677842 0.0119867 0.0171889 0.0223981 0.0276081 0.0663298 0.0611174 0.0559111 0.0507043 0.045517 0.040309 0.0351138 0.0299048 0.0247154 0.0195119 0.0143213 0.00911019 0.0039118 0.00128711 0.00648652 0.0116865 0.016887 0.0220747 0.0272762 0.0324649 0.0614693 0.0562713 0.0510861 0.0458937 0.0407074 0.0355005 0.0303199 0.0251323 0.0199439 0.0147549
0.0457391 82.1209 82.2089 82.2257 82.1181 82.1172 82.1162 76.9871 0.0653344 0.0278957 0.0226672 0.0174304 0.0121931 0.00695517 0.00171703 0.0035222 0.00875456 0.0139943 0.01922 0.0739794 0.0687504 0.0635208 0.0582978 0.053067 0.0478358 0.0426184 0.0373641 0.0321603 0.0269268 0.0216927 0.0164726 0.0112373 0.0060162 0.00078728 0.00442759 0.00966497 0.0148811 0.0201123 0.0253297 0.0305548 0.0626649 0.0574441 0.0522302 0.0470081 0.0417929 0.0365697 0.0313535 0.0261511 0.0209264 0.0157084 0.0104899 0.00528548 5.12086e-05 0.00515435 0.010375 0.0155817 0.0208036 0.0260114 0.0312266 0.0620177 0.0568137 0.0515944 0.0463817 0.0411757 0.0359694 0.0307697 0.025555 0.020347 0.0151457 0.00994406 0.00473416 0.000468748 0.00567204 0.010876 0.016095 0.0212855 0.0265058 0.0316974 0.0615595 0.0563649 0.0511622 0.0459737 0.0407701 0.0355731 0.0303756 0.0251776 0.0199718 0.0147872 0.00958748 0.00437999 0.000791406 0.00600001 0.0111872 0.016375 0.0215779 0.0267667 0.0319635 0.0613032 0.0561113 0.0509256 0.0457391
0.0324763 88.3872 88.3866 88.386 88.3854 88.3848 88.3842 0.166344 0.0238744 0.0186238 0.013402 0.00815969 0.00292653 0.00231711 0.00756068 0.0127955 0.0180311 0.0232574 0.0285026 0.0639199 0.0586875 0.0534545 0.0482217 0.0429971 0.0377624 0.0325464 0.0273013 0.022084 0.0168568 0.0116194 0.0064099 0.00118097 0.00405826 0.00928842 0.0145001 0.0779055 0.0726979 0.0674713 0.0622531 0.0570343 0.0518057 0.0465954 0.0413752 0.0361543 0.0309423 0.0257108 0.0204976 0.0152841 0.0100604 0.00484578 0.000369247 0.00558523 0.0108014 0.0160185 0.0212358 0.0711927 0.0316632 0.0607755 0.0555711 0.0503559 0.0451499 0.0399433 0.0347362 0.0295189 0.0243201 0.0191018 0.0139021 0.00868268 0.00349133 0.00171949 0.00693132 0.0121243 0.017337 0.0225502 0.0698956 0.0647059 0.0594966 0.0543053 0.0491041 0.0439117 0.0387094 0.033516 0.0283127 0.0231183 0.0179138 0.0127181 0.00752212 0.00231595 0.00287184 0.00807899 0.013258 0.0184664 0.0236562 0.0288466 0.0636202 0.0584346 0.0532286 0.0480411 0.0428539 0.0376653 0.0324762
0.0498894 91.6906 91.6901 91.6897 91.7306 91.6888 91.6884 0.147707 0.0509396 0.0405592 0.0614399 0.0666766 0.0248691 0.0196358 0.0143873 0.00915242 0.00391085 0.00131873 0.0065549 0.0117843 0.017022 0.0222535 0.0274918 0.0327247 0.0379582 0.0535733 0.0483327 0.0536439 0.0378863 0.0326555 0.027438 0.0222065 0.0169741 0.0117481 0.00652874 0.00129503 0.00391908 0.00914037 0.0143692 0.0195914 0.0248282 0.0300446 0.0352622 0.056265 0.0510522 0.045832 0.0406177 0.0354026 0.030187 0.0249711 0.0197547 0.0145446 0.00931998 0.00410853 0.00111024 0.00632262 0.0115425 0.0167495 0.021963 0.0271709 0.0323862 0.0376019 0.0539496 0.0487378 0.0435333 0.0383205 0.0331208 0.0279067 0.0227061 0.0175048 0.108997 0.103813 0.098608 0.093403 0.0882041 0.0830112 0.0778109 0.0726168 0.0674156 0.0622206 0.0570183 0.0518221 0.0466188 0.0414354 0.0362305 0.0310324 0.0258334 0.0206341 0.0154478 0.0102405 0.00505994 0.000141675 0.00533003 0.0105191 0.0157155 0.0209061 0.0706356 0.0654501 0.0602644 0.0550703 0.0498893
#amperrcube
35.7603 762.899 357.185 190.825 115.347 77.14 44.4227 26.1953 10.599 10.1288 14.4563 18.2717 26.7049 29.0167 31.2554 33.0994 34.7197 35.8011 33.9537 35.1746 37.1075 32.5936 35.2117 35.9495 34.3565 36.4042 37.4602 37.2933 37.0036 37.5044 34.9224 36.0142 35.6471 35.8753 35.4803 36.0195 34.5235 36.4039 35.3348 36.4431 34.9649 37.2614 35.3492 35.6901 37.4643 36.694 38.9344 37.8923 37.9325 36.6911 35.665 34.7789 35.6586 36.4301 35.5048 34.8136 34.5563 35.3191 34.8331 33.6962 35.755 35.2886 35.8449 37.173 39.118 38.9767 39.5126 38.1824 35.6087 36.3543 35.738 36.2347 36.0865 34.8537 35.8434 34.5611 34.7702 35.454 35.718 36.4493 35.3176 36.3988 36.9707 37.8782 41.2161 40.1983 38.255 38.0267 35.908 36.2059 35.8852 35.8095 34.7241 35.4246 35.1636 35.7181 35.1655 34.8959 34.8483 35.0051 34.3737
27.3633 614.778 262.492 146.164 86.8133 42.4565 25.9732 12.5957 10.4612 16.7028 17.6058 25.1472 26.0352 26.5565 22.2079 22.7581 22.4759 23.7793 22.3763 25.0652 26.8238 26.2727 24.0248 26.4973 23.413 25.7582 25.8745 24.4531 24.3121 25.0203 24.5251 22.208 23.9318 24.7833 24.357 27.1117 27.1624 30.467 27.7938 26.8717 27.9546 26.9464 26.8911 26.3076 26.1582 25.1994 25.1297 23.453 24.6811 24.3217 23.6537 24.2012 23.8133 24.8156 27.1914 26.0943 28.2819 29.272 28.7675 28.1843 27.269 27.9256 26.0144 26.6207 25.6919 24.8859 24.5274 24.4204 23.825 24.4035 24.3867 24.0215 24.2479 27.4454 30.4021 30.1179 29.3668 28.3956 28.7954 27.9722 26.8368 26.5899 25.9281 25.7966 24.576 24.0949 24.5666 24.3445 23.3214 23.9025 23.7849 23.5767 24.4136 29.8962 30.5644 29.5744 28.5855 27.9876 27.3445 26.8084 27.1629
24.8051 520.534 208.548 102.467 51.8927 23.5691 12.8406 13.2391 19.8501 20.4471 22.6431 21.092 16.0559 21.3145 19.2337 20.3834 17.9071 16.2892 16.8683 18.6037 19.8804 19.5126 18.6086 20.5279 20.0184 20.865 19.1901 18.9871 21.1884 18.8458 20.5705 17.5593 18.6973 16.1637 16.3526 15.2529 14.87 16.3947 15.5433 17.7763 19.8241 20.888 20.8631 23.7255 22.7436 22.4259 21.9934 21.5952 22.8265 20.8734 20.2476 19.742 19.0547 19.2578 18.5626 17.6263 18.0196 16.6498 18.4446 19.4354 22.8697 23.4478 23.6577 23.0937 22.3205 21.4083 20.6011 20.4972 20.1707 20.5715 19.3907 17.6118 18.9701 18.1508 18.6555 18.0467 17.8501 18.2401 18.7132 20.3875 23.7698 24.258 22.7692 23.1751 22.4947 21.4056 20.4695 20.5112 19.8903 19.3318 18.6819 18.0734 17.4144 17.0385 17.1771 16.2873 16.8802 16.7267 18.1283 23.7361 24.8288
12.8489 438.879 176.971 84.6449 36.5399 14.7769 10.4822 18.5999 26.4473 26.5827 26.3127 16.4232 15.661 14.1663 16.4862 17.7163 13.9474 13.8004 14.8762 14.1921 14.1679 17.3856 15.4929 15.0023 13.4769 14.2601 12.3085 14.0268 14.2326 15.7442 16.5264 18.0294 17.6991 16.7121 17.3194 17.7735 15.6652 14.8413 14.9258 14.1776 14.3659 13.7483 13.9186 13.4368 13.3399 13.0065 12.8426 13.7205 12.9759 14.5036 17.5107 19.3348 17.8797 18.1947 18.3117 18.5178 17.9803 17.0196 15.643 15.8169 14.809 14.9281 14.4411 14.2805 14.7971 14.3501 14.023 15.7458 18.2666 19.254 19.4205 19.319 18.7572 18.7618 18.2531 17.5906 17.2013 16.2432 16.3308 15.8731 16.4435 15.0978 15.6704 14.7154 14.277 14.7897 15.2237 15.4448 19.8536 19.6653 18.9057 18.1112 17.2318 16.3452 15.5168 15.3108 15.1691 14.3059 14.2508 13.6713 13.4296
12.3571 390.651 153.733 58.8297 19.9451 9.81527 23.5869 24.8184 36.1225 17.6279 14.9641 10.7753 10.6362 11.9141 9.97235 15.2359 11.993 13.3149 14.1791 13.7612 10.7672 13.0466 11.4442 13.2984 13.029 13.1098 13.7177 14.2747 13.1713 15.1677 14.5983 13.6206 15.8439 13.6979 15.49 13.3915 13.7645 13.7805 12.034 11.4628 12.057 12.7463 12.9094 11.8572 12.2325 11.8557 12.8054 14.5263 15.494 16.1166 15.342 15.0809 14.3979 13.8838 13.4814 13.6328 13.4498 14.0576 13.3285 12.7933 12.6017 12.6384 12.715 11.6726 12.1014 15.0374 15.2877 16.3167 15.6936 15.6489 15.0385 14.3825 13.7742 13.6491 12.9033 12.7681 12.6737 12.401 12.5931 12.6463 12.2858 12.1667 12.1282 12.2095 12.463 15.6713 17.4131 15.6936 15.5753 15.5196 14.9573 14.0803 14.2606 13.9121 13.3946 13.0908 12.7961 12.1772 12.2968 12.2087 11.8906
10.9733 340.918 118.766 44.3995 14.7377 17.7031 25.4286 29.806 34.0081 15.0899 14.3925 9.15655 10.1697 11.5499 9.15896 9.43155 8.1835 10.2644 8.32414 9.13378 9.4972 10.2372 10.2757 9.74046 10.1793 9.31166 9.86333 10.7171 10.9125 10.4068 10.1824 10.9621 10.9623 10.6977 12.2137 12.1637 11.4379 10.8675 12.3871 12.0943 11.6297 10.8444 11.0647 11.3874 10.9247 10.1853 9.82513 9.696 9.56473 10.4609 10.1032 11.0951 12.5721 12.6478 13.1819 13.6374 12.9895 12.3094 11.9269 11.4227 10.8504 11.1268 10.7557 9.92991 10.9408 10.7325 10.5172 9.77556 10.5298 10.0558 11.3367 12.7211 13.4238 14.0609 13.229 12.8565 12.6689 11.9286 11.765 11.3491 10.7248 10.5953 10.5391 10.4459 10.0307 10.0287 10.7986 10.1985 10.3846 10.2388 11.2691 13.663 13.2628 13.3157 13.3901 12.4177 11.8884 11.9143 11.4354 11.239 11.1288
8.14862 185.694 50.5808 10.7904 26.4525 43.1184 48.9636 41.7124 9.44121 9.87051 9.06161 7.66284 5.88071 7.73053 7.72243 6.99753 4.85929 7.25038 6.33181 8.46731 7.05302 6.53966 6.72865 6.97567 6.82384 6.48246 7.55346 6.66118 6.06141 6.45207 6.55625 5.78814 5.98915 6.39 6.74048 6.9612 6.45976 7.17146 7.25486 7.52586 6.74653 7.09927 7.1901 6.92262 7.05983 6.85585 6.97759 6.94001 7.02078 6.57092 6.81349 6.63613 6.61443 6.6698 6.39801 6.73549 6.80947 6.97498 7.01279 7.86101 8.0089 7.53731 6.97002 7.3373 7.14101 6.98888 7.03169 6.80458 7.08436 7.11083 6.8062 6.92039 6.74154 6.68045 6.60531 6.80645 7.56852 7.63982 7.95954 8.09913 7.55742 7.72364 7.71061 7.65317 7.28637 7.00842 6.91358 7.12949 7.08806 7.22594 6.95218 6.92097 6.89252 7.05171 7.20842 7.1531 7.72827 8.10065 8.23683 8.21436 8.1925
6.6098 119.407 9.30196 26.7261 47.8589 54.0923 62.2635 16.5645 7.6378 6.93302 6.20269 5.80397 5.68294 5.555 7.27371 5.61364 6.0262 5.09105 6.24331 6.71745 6.36796 6.07941 5.63325 6.69126 6.39722 6.19097 7.39897 6.32732 6.29682 7.21521 6.41335 6.4519 6.02624 6.61702 6.50844 6.06111 6.68396 6.52329 7.02265 6.70207 6.99147 7.24983 7.01342 6.90559 6.5682 6.73083 6.47584 6.34761 6.45396 5.93293 6.63483 5.92848 6.47494 6.6542 6.83961 6.61423 6.40031 6.86896 7.14842 7.18827 6.75527 6.65659 6.82245 6.8856 6.63578 6.61353 6.54858 6.56958 6.92312 6.71308 6.68602 6.51656 6.64929 6.58853 7.17797 7.03196 6.7346 6.94213 7.13332 7.13314 6.69149 6.81197 6.53932 6.4669 6.65479 6.49189 6.6761 6.51258 6.28444 6.4762 6.41194 6.6168 6.51968 6.82423 6.83617 6.79186 6.93307 6.84899 6.7796 6.73243 6.7882
5.95694 76.4703 12.7022 41.1696 55.6978 65.3024 68.423 9.56709 7.14274 7.88477 5.38266 5.73743 5.10263 6.20099 6.87868 4.81385 5.59641 7.05075 6.24904 5.39828 5.78079 6.56679 5.95552 6.5607 6.6533 5.75552 6.42292 6.4139 5.7553 6.38829 6.25676 7.19365 6.80498 5.94437 6.48004 6.13267 6.31455 5.84507 6.26271 6.40711 6.35899 6.19729 6.04167 6.3767 6.00954 6.32596 6.46069 6.78241 6.04549 6.16522 6.1528 6.53026 6.05219 6.01853 5.87778 6.01351 6.2367 6.04462 6.40581 6.0141 5.90982 6.21627 6.06429 6.3794 6.18 6.32465 6.31041 6.60381 6.26093 6.58602 6.64748 6.51077 6.3539 6.48605 6.62282 6.44203 6.315 6.42561 6.43029 6.05225 6.09334 5.99187 6.02538 6.25115 5.91844 5.8664 5.82601 5.98659 5.78951 5.58008 5.83607 5.63844 6.00231 5.99219 5.89361 5.87659 6.28376 6.11272 6.0397 6.04596 6.01756
#detfrac
0 0 0 0 0 0 0 0 0 0 0 0.04 0.08 0.06 0.16 0.18 0.16 0.16 0.16 0.14 0.1 0.18 0.06 0.1 0.14 0.06 0.1 0.02 0.04 0.02 0.06 0.02 0 0.02 0.02 0.06 0.02 0.04 0.02 0 0.04 0.04 0 0 0 0 0 0 0 0 0 0 0.02 0 0 0 0 0 0 0 0 0 0 0 0 0 0 0 0 0 0 0 0 0 0 0 0 0 0 0 0 0 0 0 0 0 0 0 0 0 0 0 0 0 0 0 0 0 0 0 0
0.2 0 0 0 0 0 0 0 0 0 0 0.04 0.08 0.24 0.48 0.58 0.54 0.54 0.58 0.48 0.44 0.44 0.54 0.44 0.56 0.48 0.5 0.56 0.54 0.5 0.56 0.62 0.64 0.52 0.58 0.32 0.32 0.24 0.18 0.4 0.3 0.26 0.24 0.36 0.42 0.5 0.5 0.68 0.54 0.6 0.68 0.68 0.64 0.54 0.34 0.34 0.24 0.12 0.14 0.16 0.18 0.18 0.32 0.32 0.36 0.56 0.6 0.6 0.72 0.6 0.58 0.66 0.64 0.38 0.1 0.08 0.06 0.04 0.04 0.16 0.16 0.2 0.34 0.34 0.6 0.64 0.58 0.66 0.74 0.7 0.8 0.7 0.6 0.24 0.02 0.06 0.02 0.04 0.14 0.16 0.28
0.6 0 0 0 0 0 0 0 0 0.02 0.04 0.16 0.4 0.46 0.7 0.68 0.78 0.8 0.72 0.72 0.8 0.78 0.82 0.74 0.84 0.82 0.84 0.8 0.82 0.88 0.82 0.96 0.96 1 0.92 0.96 0.98 1 0.94 0.92 0.78 0.74 0.78 0.58 0.74 0.82 0.78 0.82 0.82 0.88 0.94 0.94 0.94 0.96 1 1 1 1 0.9 0.74 0.7 0.72 0.72 0.74 0.94 0.92 0.94 0.98 0.98 0.94 1 1 1 1 1 1 1 0.94 0.88 0.78 0.68 0.68 0.86 0.92 0.94 0.92 0.94 1 1 1 1 1 1 1 1 1 1 0.96 0.76 0.62 0.56
1 0 0 0 0 0 0 0 0 0.04 0.08 0.38 0.52 0.8 0.84 0.82 0.86 0.92 0.92 0.9 0.94 0.92 0.96 0.96 0.96 0.96 0.96 0.98 0.88 0.92 0.98 0.98 0.98 0.92 0.94 0.98 0.98 1 0.98 1 1 1 1 1 1 1 0.98 1 0.98 1 1 1 0.98 1 1 1 1 1 1 1 1 1 1 1 1 1 1 1 0.98 1 0.98 0.98 1 1 1 1 1 1 1 1 1 1 1 1 1 1 1 1 1 1 1 1 1 1 1 1 1 1 1 1 1
1 0 0 0 0 0 0 0 0 0.04 0.32 0.46 0.8 0.94 0.9 0.9 0.94 0.94 0.96 0.98 0.98 0.96 1 1 0.96 0.98 0.98 0.98 1 1 0.98 1 0.98 1 1 1 1 1 1 1 1 1 1 1 1 1 1 1 1 1 1 1 1 1 1 1 1 1 1 1 1 1 1 1 1 1 1 1 1 1 1 1 1 1 1 1 1 1 1 1 1 1 1 1 1 1 1 1 1 1 1 1 1 1 1 1 1 1 1 1 1
1 0 0 0 0 0 0 0 0.06 0.2 0.5 0.76 0.8 0.96 0.96 1 0.98 0.98 1 1 1 1 1 1 1 1 1 1 1 1 0.98 1 1 1 1 1 1 1 1 1 1 1 1 1 1 1 1 1 1 1 1 1 1 1 1 1 1 1 1 1 1 1 1 1 1 1 1 1 1 1 1 1 1 1 1 1 1 1 1 1 1 1 1 1 1 1 1 1 1 1 1 1 1 1 1 1 1 1 1 1 1
0.98 0 0 0 0 0 0 0 0.14 0.32 0.7 1 1 1 1 1 1 1 1 1 1 1 1 1 1 1 1 1 1 1 1 1 1 1 1 1 1 1 1 1 1 1 1 1 1 1 1 1 1 1 1 1 1 1 1 1 1 1 1 1 1 1 1 1 1 1 1 1 1 1 1 0.98 1 1 1 1 1 1 1 1 1 1 1 1 1 1 1 0.98 0.96 1 1 1 1 1 1 0.96 0.96 0.98 1 1 1
1 0 0 0 0 0 0 0.02 0.26 0.78 0.98 1 1 1 1 1 1 1 1 1 1 1 1 1 1 1 1 1 1 1 1 1 1 1 1 1 1 1 1 1 1 1 1 1 1 1 1 1 1 1 1 1 1 1 1 1 1 1 1 1 1 1 1 1 1 1 1 1 1 1 1 1 1 1 1 1 1 1 0.98 1 1 1 1 1 1 1 1 0.98 1 1 1 1 1 0.94 1 1 1 1 1 1 1
1 0 0 0 0 0 0 0.02 0.44 0.98 1 1 1 1 1 1 1 1 1 1 1 1 1 0.98 1 0.98 1 1 1 1 1 1 1 1 1 1 1 1 1 1 1 1 1 1 1 1 1 1 1 1 1 1 1 1 1 1 1 1 1 1 1 1 1 1 1 1 1 1 0.98 1 1 0.96 1 1 1 1 1 1 1 1 1 1 1 0.96 1 0.98 1 1 1 1 1 1 1 1 1 1 1 1 1 1 1
